Very bad
number_circle = 235
i = 553
X[i] = 27.650000
T_circle = 0.373743
U[i-1] = 2.995836	 U[i] = 3.269202	 U[i+1] = 2.690585
H[i-1] = 0.000646	 H[i] = 0.002770	 H[i+1] = 0.000657
Ht[i] = -0.000114
